224,311,224,350,250,350,250,311
511,310,509,314,509,323,510,324,511,324
394,300,340,320,349,339,400,319
271,263,271,297,286,297,287,263
213,263,213,300,243,300,243,264
356,244,316,255,319,268,310,273,316,295,351,281,348,275,363,268
511,182,506,184,508,195,495,200,489,193,476,199,491,229,511,221
201,143,200,181,218,183,219,223,242,222,243,182,230,182,230,145
359,140,293,166,309,207,375,180
337,104,330,105,329,114,323,115,319,111,313,115,315,126,341,120
511,95,449,122,463,154,511,132
162,85,160,125,185,126,186,86
216,73,217,115,244,115,244,73
339,27,314,34,317,52,345,45
487,23,439,41,450,73,469,68,448,85,455,106,511,82,510,54,500,54
482,1,485,9,510,0
437,0,440,0