76,511,84,511
346,463,346,487,412,487,412,463
254,462,248,469,260,483,265,478,265,476
272,460,272,468,279,468,279,460
489,452,489,489,502,491,502,511,511,511,511,452
266,447,266,453,277,453,277,447
47,435,56,511,96,506,95,489,72,490,75,456,67,455,67,436
265,434,265,441,277,441,277,435
98,463,100,489,162,481,164,496,198,493,180,453,143,455,141,430,115,434,117,460
506,410,506,450,511,450,511,410
4,410,0,511,27,511,10,410
41,410,43,432,152,421,141,402
345,401,346,455,376,455,377,429,425,428,427,447,460,446,457,402
511,341,510,343,510,353,511,355
264,340,264,347,279,347,279,340
371,340,371,351,388,352,389,363,415,363,414,326,389,326,389,340
290,314,291,355,311,355,311,314


